TreeData Version 6

Imagesize: 392 238 195
VoxelSiz: 0.6250 0.6250 1.0000
VoxelToWorldMatrix: 0.625000 0.000000 0.000000 -136.874496 0.000000 0.625000 0.000000 -76.093697 0.000000 0.000000 1.000000 -1437.500000 0.000000 0.000000 0.000000 1.000000 
nodeNum: 339
edgeNum: 338
NodeID: 0
  Koord:   134 70 165
  minDist: 140
  edgeNum: 3
    IDs: 0 1 3 
    angles: 0.000000 69.736794 135.444565 
            69.736794 0.000000 154.761459 
            135.444565 154.761459 0.019782 
            
NodeID: 1
  Koord:   132 69 163
  minDist: 197
  edgeNum: 3
    IDs: 2 35 3 
    angles: 0.019782 113.110733 63.897171 
            113.110741 0.000000 161.748840 
            63.897171 161.748825 0.000000 
            
NodeID: 2
  Koord:   115 149 161
  minDist: 140
  edgeNum: 3
    IDs: 4 5 13 
    angles: 0.000000 120.130920 83.171768 
            120.130920 0.000000 152.769028 
            83.171768 152.769028 0.000000 
            
NodeID: 3
  Koord:   327 87 156
  minDist: 99
  edgeNum: 3
    IDs: 6 7 23 
    angles: 0.019782 72.026749 92.033684 
            72.026749 0.000000 145.843323 
            92.033684 145.843323 0.019782 
            
NodeID: 4
  Koord:   275 85 155
  minDist: 140
  edgeNum: 3
    IDs: 8 9 235 
    angles: 0.000000 92.993050 98.481926 
            92.993050 0.019782 151.379883 
            98.481926 151.379883 0.000000 
            
NodeID: 5
  Koord:   236 93 153
  minDist: 203
  edgeNum: 3
    IDs: 10 11 29 
    angles: 0.000000 105.148964 28.145998 
            105.148964 0.000000 127.232361 
            28.146006 127.232361 0.000000 
            
NodeID: 6
  Koord:   105 145 152
  minDist: 178
  edgeNum: 3
    IDs: 12 33 13 
    angles: 0.000000 86.576836 100.226974 
            86.576836 0.000000 168.712326 
            100.226974 168.712326 0.000000 
            
NodeID: 7
  Koord:   92 55 151
  minDist: 171
  edgeNum: 3
    IDs: 14 15 241 
    angles: 0.000000 98.224892 156.889801 
            98.224892 0.000000 100.658569 
            156.889801 100.658569 0.000000 
            
NodeID: 8
  Koord:   106 86 150
  minDist: 140
  edgeNum: 3
    IDs: 16 17 41 
    angles: 0.019782 68.602669 174.909805 
            68.602661 0.000000 112.299232 
            174.909805 112.299232 0.000000 
            
NodeID: 9
  Koord:   280 73 150
  minDist: 245
  edgeNum: 3
    IDs: 18 19 234 
    angles: 0.019782 56.836834 87.939583 
            56.836834 0.000000 144.481949 
            87.939583 144.481949 0.000000 
            
NodeID: 10
  Koord:   294 70 150
  minDist: 224
  edgeNum: 3
    IDs: 20 239 21 
    angles: 0.000000 135.371063 70.327774 
            135.371063 0.000000 151.599930 
            70.327774 151.599930 0.000000 
            
NodeID: 11
  Koord:   295 70 149
  minDist: 178
  edgeNum: 3
    IDs: 22 21 23 
    angles: 0.000000 144.990784 55.334076 
            144.990784 0.000000 150.824570 
            55.334076 150.824570 0.000000 
            
NodeID: 12
  Koord:   257 75 148
  minDist: 224
  edgeNum: 3
    IDs: 24 293 25 
    angles: 0.000000 89.453842 57.445644 
            89.453842 0.019782 146.860703 
            57.445644 146.860718 0.000000 
            
NodeID: 13
  Koord:   82 107 145
  minDist: 222
  edgeNum: 3
    IDs: 26 27 43 
    angles: 0.000000 107.235603 89.189919 
            107.235603 0.000000 153.459030 
            89.189919 153.459030 0.000000 
            
NodeID: 14
  Koord:   232 83 144
  minDist: 313
  edgeNum: 3
    IDs: 28 204 29 
    angles: 0.019782 136.837921 69.805176 
            136.837921 0.000000 153.350021 
            69.805176 153.350006 0.000000 
            
NodeID: 15
  Koord:   203 43 143
  minDist: 140
  edgeNum: 3
    IDs: 30 31 261 
    angles: 0.000000 78.357460 127.128418 
            78.357460 0.000000 137.383102 
            127.128418 137.383102 0.000000 
            
NodeID: 16
  Koord:   98 134 142
  minDist: 224
  edgeNum: 3
    IDs: 32 59 33 
    angles: 0.000000 94.518990 82.488609 
            94.518990 0.000000 168.422852 
            82.488609 168.422852 0.000000 
            
NodeID: 17
  Koord:   111 56 142
  minDist: 222
  edgeNum: 3
    IDs: 34 206 35 
    angles: 0.000000 152.533447 49.375515 
            152.533447 0.000000 129.759537 
            49.375519 129.759537 0.000000 
            
NodeID: 18
  Koord:   334 56 140
  minDist: 161
  edgeNum: 3
    IDs: 36 37 22 
    angles: 0.000000 82.828346 140.527252 
            82.828346 0.019782 135.998840 
            140.527267 135.998840 0.000000 
            
NodeID: 19
  Koord:   68 147 139
  minDist: 171
  edgeNum: 3
    IDs: 38 39 245 
    angles: 0.000000 76.590080 110.821114 
            76.590080 0.000000 109.606636 
            110.821114 109.606644 0.000000 
            
NodeID: 20
  Koord:   113 82 137
  minDist: 197
  edgeNum: 3
    IDs: 40 55 41 
    angles: 0.000000 107.989326 57.792042 
            107.989326 0.000000 124.098907 
            57.792038 124.098907 0.000000 
            
NodeID: 21
  Koord:   82 104 136
  minDist: 245
  edgeNum: 3
    IDs: 42 47 43 
    angles: 0.019782 70.467537 86.489983 
            70.467537 0.000000 156.954239 
            86.489983 156.954239 0.000000 
            
NodeID: 22
  Koord:   215 75 136
  minDist: 328
  edgeNum: 3
    IDs: 44 45 49 
    angles: 0.000000 64.423111 117.173080 
            64.423111 0.000000 147.149918 
            117.173080 147.149918 0.000000 
            
NodeID: 23
  Koord:   83 105 135
  minDist: 277
  edgeNum: 3
    IDs: 46 62 47 
    angles: 0.000000 103.637161 72.447083 
            103.637161 0.000000 118.428665 
            72.447090 118.428665 0.019782 
            
NodeID: 24
  Koord:   212 74 135
  minDist: 332
  edgeNum: 3
    IDs: 48 300 49 
    angles: 0.000000 129.342270 79.167389 
            129.342270 0.000000 145.104462 
            79.167389 145.104462 0.000000 
            
NodeID: 25
  Koord:   60 192 134
  minDist: 119
  edgeNum: 3
    IDs: 50 51 93 
    angles: 0.000000 117.616005 95.420303 
            117.616005 0.000000 146.362915 
            95.420303 146.362915 0.000000 
            
NodeID: 26
  Koord:   192 100 133
  minDist: 140
  edgeNum: 3
    IDs: 52 53 67 
    angles: 0.000000 61.065292 106.468750 
            61.065292 0.000000 86.617081 
            106.468758 86.617081 0.000000 
            
NodeID: 27
  Koord:   110 81 133
  minDist: 267
  edgeNum: 3
    IDs: 65 54 55 
    angles: 0.000000 175.880859 110.866066 
            175.880859 0.019782 66.602989 
            110.866066 66.602989 0.000000 
            
NodeID: 28
  Koord:   103 72 133
  minDist: 245
  edgeNum: 3
    IDs: 56 57 54 
    angles: 0.000000 104.142365 116.703476 
            104.142365 0.000000 134.012238 
            116.703476 134.012238 0.019782 
            
NodeID: 29
  Koord:   100 117 130
  minDist: 224
  edgeNum: 3
    IDs: 58 63 59 
    angles: 0.000000 69.986748 84.880028 
            69.986748 0.000000 129.871918 
            84.880028 129.871918 0.019782 
            
NodeID: 30
  Koord:   248 70 129
  minDist: 171
  edgeNum: 3
    IDs: 60 61 294 
    angles: 0.000000 87.079681 103.773445 
            87.079681 0.000000 145.724380 
            103.773445 145.724380 0.000000 
            
NodeID: 31
  Koord:   100 106 128
  minDist: 296
  edgeNum: 3
    IDs: 75 62 63 
    angles: 0.000000 68.625664 127.409088 
            68.625664 0.000000 58.785427 
            127.409088 58.785427 0.000000 
            
NodeID: 32
  Koord:   109 86 128
  minDist: 284
  edgeNum: 3
    IDs: 64 305 65 
    angles: 0.019782 95.501602 92.781250 
            95.501602 0.000000 159.543884 
            92.781250 159.543854 0.000000 
            
NodeID: 33
  Koord:   182 89 127
  minDist: 430
  edgeNum: 3
    IDs: 66 113 67 
    angles: 0.000000 147.584396 53.576721 
            147.584396 0.019782 98.298515 
            53.576725 98.298515 0.019782 
            
NodeID: 34
  Koord:   197 66 127
  minDist: 485
  edgeNum: 3
    IDs: 68 69 301 
    angles: 0.000000 106.389366 57.278427 
            106.389366 0.000000 159.031326 
            57.278427 159.031296 0.000000 
            
NodeID: 35
  Koord:   176 50 127
  minDist: 222
  edgeNum: 3
    IDs: 70 71 87 
    angles: 0.000000 54.648792 70.424278 
            54.648792 0.000000 99.744682 
            70.424278 99.744682 0.000000 
            
NodeID: 36
  Koord:   220 46 127
  minDist: 161
  edgeNum: 3
    IDs: 72 73 77 
    angles: 0.019782 33.658596 80.325378 
            33.658596 0.000000 88.199799 
            80.325378 88.199799 0.000000 
            
NodeID: 37
  Koord:   104 100 124
  minDist: 334
  edgeNum: 3
    IDs: 74 85 75 
    angles: 0.000000 104.642899 77.128700 
            104.642899 0.000000 98.562386 
            77.128700 98.562386 0.019782 
            
NodeID: 38
  Koord:   219 45 124
  minDist: 279
  edgeNum: 3
    IDs: 76 81 77 
    angles: 0.019782 108.527267 84.005913 
            108.527267 0.000000 67.749023 
            84.005913 67.749023 0.000000 
            
NodeID: 39
  Koord:   98 56 123
  minDist: 161
  edgeNum: 3
    IDs: 78 337 79 
    angles: 0.000000 131.356506 63.767075 
            131.356506 0.000000 139.372452 
            63.767075 139.372452 0.019782 
            
NodeID: 40
  Koord:   215 44 123
  minDist: 250
  edgeNum: 3
    IDs: 80 91 81 
    angles: 0.019782 134.855209 106.166931 
            134.855209 0.019782 99.144531 
            106.166939 99.144531 0.000000 
            
NodeID: 41
  Koord:   244 33 123
  minDist: 161
  edgeNum: 3
    IDs: 82 83 215 
    angles: 0.000000 125.327362 95.361046 
            125.327362 0.000000 77.433197 
            95.361053 77.433197 0.000000 
            
NodeID: 42
  Koord:   110 95 122
  minDist: 400
  edgeNum: 3
    IDs: 84 95 85 
    angles: 0.000000 128.916702 93.937599 
            128.916702 0.000000 99.304535 
            93.937599 99.304535 0.000000 
            
NodeID: 43
  Koord:   187 60 122
  minDist: 269
  edgeNum: 3
    IDs: 302 86 87 
    angles: 0.000000 161.515869 97.989388 
            161.515869 0.000000 89.994629 
            97.989388 89.994629 0.000000 
            
NodeID: 44
  Koord:   200 55 122
  minDist: 222
  edgeNum: 3
    IDs: 303 88 89 
    angles: 0.000000 64.329575 113.268288 
            64.329575 0.000000 63.547958 
            113.268288 63.547962 0.000000 
            
NodeID: 45
  Koord:   210 48 121
  minDist: 243
  edgeNum: 3
    IDs: 90 260 91 
    angles: 0.000000 143.773636 89.426025 
            143.773636 0.000000 73.576431 
            89.426025 73.576431 0.000000 
            
NodeID: 46
  Koord:   100 170 120
  minDist: 222
  edgeNum: 3
    IDs: 307 92 93 
    angles: 0.019782 94.456474 126.702477 
            94.456474 0.000000 48.905846 
            126.702477 48.905853 0.000000 
            
NodeID: 47
  Koord:   112 96 119
  minDist: 415
  edgeNum: 3
    IDs: 94 105 95 
    angles: 0.000000 28.740471 100.465149 
            28.740471 0.000000 129.166168 
            100.465149 129.166168 0.000000 
            
NodeID: 48
  Koord:   235 44 119
  minDist: 222
  edgeNum: 3
    IDs: 96 97 76 
    angles: 0.000000 82.355469 157.876236 
            82.355469 0.000000 118.416069 
            157.876221 118.416069 0.000000 
            
NodeID: 49
  Koord:   77 209 117
  minDist: 119
  edgeNum: 3
    IDs: 98 99 107 
    angles: 0.000000 106.218826 132.573776 
            106.218826 0.000000 121.171379 
            132.573776 121.171379 0.000000 
            
NodeID: 50
  Koord:   40 164 116
  minDist: 125
  edgeNum: 3
    IDs: 100 219 101 
    angles: 0.000000 161.782013 99.392723 
            161.782013 0.000000 97.045403 
            99.392723 97.045403 0.000000 
            
NodeID: 51
  Koord:   159 109 116
  minDist: 499
  edgeNum: 3
    IDs: 102 112 103 
    angles: 0.019782 81.662018 80.783806 
            81.662018 0.000000 162.357376 
            80.783806 162.357376 0.019782 
            
NodeID: 52
  Koord:   119 100 116
  minDist: 423
  edgeNum: 3
    IDs: 104 224 105 
    angles: 0.019782 85.587006 101.842171 
            85.587006 0.000000 116.423279 
            101.842171 116.423279 0.000000 
            
NodeID: 53
  Koord:   75 202 115
  minDist: 171
  edgeNum: 3
    IDs: 106 121 107 
    angles: 0.019782 117.876289 101.405624 
            117.876289 0.000000 140.562210 
            101.405624 140.562210 0.019782 
            
NodeID: 54
  Koord:   49 156 115
  minDist: 188
  edgeNum: 3
    IDs: 108 109 127 
    angles: 0.000000 99.853447 113.063499 
            99.853447 0.000000 117.350487 
            113.063499 117.350487 0.000000 
            
NodeID: 55
  Koord:   148 111 115
  minDist: 548
  edgeNum: 3
    IDs: 110 111 103 
    angles: 0.000000 59.626640 160.840927 
            59.626640 0.000000 136.569046 
            160.840912 136.569046 0.027976 
            
NodeID: 56
  Koord:   173 104 115
  minDist: 533
  edgeNum: 3
    IDs: 315 112 113 
    angles: 0.000000 137.772919 58.821789 
            137.772919 0.000000 159.229111 
            58.821789 159.229111 0.019782 
            
NodeID: 57
  Koord:   133 102 115
  minDist: 411
  edgeNum: 3
    IDs: 114 115 111 
    angles: 0.000000 157.496628 101.848122 
            157.496628 0.000000 71.457062 
            101.848122 71.457062 0.000000 
            
NodeID: 58
  Koord:   203 54 115
  minDist: 89
  edgeNum: 3
    IDs: 116 117 89 
    angles: 0.000000 72.553757 163.435242 
            72.553757 0.000000 117.151039 
            163.435242 117.151039 0.019782 
            
NodeID: 59
  Koord:   47 119 114
  minDist: 161
  edgeNum: 3
    IDs: 118 119 312 
    angles: 0.000000 86.981262 136.190903 
            86.981262 0.000000 136.167603 
            136.190903 136.167603 0.000000 
            
NodeID: 60
  Koord:   78 198 113
  minDist: 133
  edgeNum: 3
    IDs: 120 265 121 
    angles: 0.019782 112.578674 90.839676 
            112.578674 0.000000 154.268555 
            90.839676 154.268570 0.000000 
            
NodeID: 61
  Koord:   37 172 113
  minDist: 119
  edgeNum: 3
    IDs: 122 123 101 
    angles: 0.000000 108.181770 104.047997 
            108.181770 0.000000 132.395050 
            104.047997 132.395050 0.019782 
            
NodeID: 62
  Koord:   139 48 113
  minDist: 161
  edgeNum: 3
    IDs: 124 319 125 
    angles: 0.000000 155.565857 126.250206 
            155.565857 0.000000 77.704269 
            126.250206 77.704269 0.000000 
            
NodeID: 63
  Koord:   53 153 112
  minDist: 161
  edgeNum: 3
    IDs: 126 145 127 
    angles: 0.000000 76.163078 91.016731 
            76.163078 0.000000 119.192650 
            91.016731 119.192657 0.000000 
            
NodeID: 64
  Koord:   145 116 112
  minDist: 408
  edgeNum: 3
    IDs: 128 129 110 
    angles: 0.000000 63.026150 67.864998 
            63.026154 0.019782 130.612747 
            67.864998 130.612747 0.000000 
            
NodeID: 65
  Koord:   69 90 111
  minDist: 161
  edgeNum: 3
    IDs: 130 313 131 
    angles: 0.000000 87.209320 84.530579 
            87.209320 0.000000 144.967072 
            84.530579 144.967072 0.000000 
            
NodeID: 66
  Koord:   104 150 110
  minDist: 334
  edgeNum: 3
    IDs: 132 271 133 
    angles: 0.000000 140.382858 62.857239 
            140.382858 0.000000 87.462494 
            62.857239 87.462494 0.000000 
            
NodeID: 67
  Koord:   68 91 110
  minDist: 161
  edgeNum: 3
    IDs: 134 135 131 
    angles: 0.000000 83.824158 147.259064 
            83.824158 0.000000 121.661522 
            147.259064 121.661522 0.019782 
            
NodeID: 68
  Koord:   138 33 110
  minDist: 188
  edgeNum: 3
    IDs: 136 137 141 
    angles: 0.000000 108.826836 138.999191 
            108.826843 0.000000 102.335167 
            138.999191 102.335167 0.019782 
            
NodeID: 69
  Koord:   165 52 109
  minDist: 243
  edgeNum: 3
    IDs: 269 138 139 
    angles: 0.000000 163.628922 127.399971 
            163.628922 0.000000 60.129269 
            127.399971 60.129269 0.000000 
            
NodeID: 70
  Koord:   144 36 109
  minDist: 161
  edgeNum: 3
    IDs: 140 318 141 
    angles: 0.019782 83.800026 88.086327 
            83.800026 0.000000 105.593246 
            88.086327 105.593246 0.000000 
            
NodeID: 71
  Koord:   100 107 108
  minDist: 133
  edgeNum: 3
    IDs: 142 143 266 
    angles: 0.000000 69.464035 101.465401 
            69.464043 0.019782 167.972321 
            101.465401 167.972336 0.000000 
            
NodeID: 72
  Koord:   65 152 106
  minDist: 188
  edgeNum: 3
    IDs: 144 149 145 
    angles: 0.000000 111.664375 79.312263 
            111.664375 0.000000 121.307564 
            79.312263 121.307571 0.000000 
            
NodeID: 73
  Koord:   146 129 106
  minDist: 140
  edgeNum: 3
    IDs: 146 147 317 
    angles: 0.019782 122.038368 100.889282 
            122.038368 0.000000 90.445564 
            100.889282 90.445564 0.000000 
            
NodeID: 74
  Koord:   81 154 104
  minDist: 245
  edgeNum: 3
    IDs: 148 149 133 
    angles: 0.019782 67.762749 117.908211 
            67.762741 0.000000 106.269043 
            117.908211 106.269043 0.000000 
            
NodeID: 75
  Koord:   135 122 104
  minDist: 332
  edgeNum: 3
    IDs: 150 316 151 
    angles: 0.000000 63.382187 96.120575 
            63.382187 0.019782 79.166084 
            96.120575 79.166084 0.019782 
            
NodeID: 76
  Koord:   124 130 102
  minDist: 377
  edgeNum: 3
    IDs: 152 153 151 
    angles: 0.019782 78.193062 124.306755 
            78.193062 0.019782 86.920258 
            124.306755 86.920258 0.000000 
            
NodeID: 77
  Koord:   199 99 102
  minDist: 499
  edgeNum: 3
    IDs: 154 155 156 
    angles: 0.000000 99.437065 80.969116 
            99.437065 0.000000 176.438110 
            80.969124 176.438110 0.000000 
            
NodeID: 78
  Koord:   165 54 100
  minDist: 140
  edgeNum: 3
    IDs: 157 158 139 
    angles: 0.000000 56.790077 154.337677 
            56.790073 0.000000 108.694397 
            154.337677 108.694397 0.000000 
            
NodeID: 79
  Koord:   236 38 95
  minDist: 140
  edgeNum: 3
    IDs: 159 160 97 
    angles: 0.000000 66.589043 120.888931 
            66.589043 0.000000 169.862854 
            120.888931 169.862854 0.000000 
            
NodeID: 80
  Koord:   156 34 90
  minDist: 212
  edgeNum: 3
    IDs: 161 229 162 
    angles: 0.000000 135.451080 60.311817 
            135.451080 0.000000 158.346024 
            60.311817 158.346008 0.019782 
            
NodeID: 81
  Koord:   155 26 90
  minDist: 171
  edgeNum: 3
    IDs: 163 164 166 
    angles: 0.000000 78.879944 111.929398 
            78.879944 0.000000 167.244232 
            111.929398 167.244232 0.000000 
            
NodeID: 82
  Koord:   157 33 89
  minDist: 210
  edgeNum: 3
    IDs: 165 162 166 
    angles: 0.000000 172.366196 62.560284 
            172.366196 0.000000 113.506630 
            62.560284 113.506630 0.000000 
            
NodeID: 83
  Koord:   159 23 89
  minDist: 119
  edgeNum: 3
    IDs: 167 168 164 
    angles: 0.019782 128.717117 128.595779 
            128.717117 0.000000 102.686386 
            128.595795 102.686386 0.000000 
            
NodeID: 84
  Koord:   113 132 88
  minDist: 224
  edgeNum: 3
    IDs: 169 170 153 
    angles: 0.000000 68.184502 84.747551 
            68.184502 0.000000 119.725502 
            84.747551 119.725502 0.000000 
            
NodeID: 85
  Koord:   112 130 86
  minDist: 296
  edgeNum: 3
    IDs: 171 172 170 
    angles: 0.000000 119.689636 86.115944 
            119.689636 0.000000 111.148987 
            86.115944 111.148987 0.019782 
            
NodeID: 86
  Koord:   106 92 84
  minDist: 351
  edgeNum: 3
    IDs: 173 174 273 
    angles: 0.019782 64.891121 149.350677 
            64.891121 0.000000 144.160126 
            149.350677 144.160141 0.000000 
            
NodeID: 87
  Koord:   56 109 76
  minDist: 119
  edgeNum: 3
    IDs: 175 176 184 
    angles: 0.000000 74.474274 155.757568 
            74.474274 0.019782 129.747757 
            155.757553 129.747757 0.000000 
            
NodeID: 88
  Koord:   76 89 75
  minDist: 197
  edgeNum: 3
    IDs: 177 178 180 
    angles: 0.000000 69.247475 104.290031 
            69.247475 0.000000 100.799629 
            104.290031 100.799629 0.000000 
            
NodeID: 89
  Koord:   78 92 74
  minDist: 243
  edgeNum: 3
    IDs: 179 186 180 
    angles: 0.000000 149.146133 75.752357 
            149.146133 0.000000 117.925758 
            75.752357 117.925766 0.000000 
            
NodeID: 90
  Koord:   106 127 73
  minDist: 161
  edgeNum: 3
    IDs: 181 283 182 
    angles: 0.000000 95.474167 45.377090 
            95.474167 0.000000 87.910400 
            45.377094 87.910400 0.000000 
            
NodeID: 91
  Koord:   67 99 72
  minDist: 133
  edgeNum: 3
    IDs: 183 285 184 
    angles: 0.000000 89.576508 98.723793 
            89.576508 0.000000 166.528152 
            98.723793 166.528137 0.000000 
            
NodeID: 92
  Koord:   82 93 72
  minDist: 171
  edgeNum: 3
    IDs: 185 327 186 
    angles: 0.000000 110.326950 111.169052 
            110.326950 0.000000 137.341873 
            111.169052 137.341888 0.000000 
            
NodeID: 93
  Koord:   93 87 72
  minDist: 224
  edgeNum: 3
    IDs: 187 322 188 
    angles: 0.000000 124.792969 81.988564 
            124.792969 0.019782 153.021561 
            81.988564 153.021561 0.000000 
            
NodeID: 94
  Koord:   93 90 65
  minDist: 188
  edgeNum: 3
    IDs: 189 190 188 
    angles: 0.000000 96.997559 103.022842 
            96.997559 0.000000 109.638252 
            103.022842 109.638252 0.019782 
            
NodeID: 95
  Koord:   101 120 57
  minDist: 161
  edgeNum: 3
    IDs: 191 192 182 
    angles: 0.000000 91.623520 121.913551 
            91.623520 0.000000 143.293839 
            121.913559 143.293839 0.000000 
            
NodeID: 96
  Koord:   67 140 56
  minDist: 119
  edgeNum: 3
    IDs: 193 194 329 
    angles: 0.000000 115.247223 145.631592 
            115.247223 0.000000 85.428650 
            145.631592 85.428650 0.000000 
            
NodeID: 97
  Koord:   87 85 46
  minDist: 188
  edgeNum: 3
    IDs: 195 196 190 
    angles: 0.000000 61.441795 135.550079 
            61.441792 0.000000 145.595413 
            135.550079 145.595398 0.019782 
            
NodeID: 98
  Koord:   93 88 41
  minDist: 178
  edgeNum: 3
    IDs: 197 198 200 
    angles: 0.019782 79.369743 123.605766 
            79.369743 0.019782 91.662247 
            123.605766 91.662247 0.019782 
            
NodeID: 99
  Koord:   92 87 40
  minDist: 171
  edgeNum: 3
    IDs: 199 331 200 
    angles: 0.000000 133.415665 123.809303 
            133.415665 0.000000 98.460838 
            123.809303 98.460838 0.000000 
            
NodeID: 100
  Koord:   66 91 29
  minDist: 63
  edgeNum: 3
    IDs: 201 202 330 
    angles: 0.000000 127.236794 140.543060 
            127.236801 0.000000 88.532852 
            140.543060 88.532852 0.019782 
            
NodeID: 101
  Koord:   230 82 142
  minDist: 353
  edgeNum: 3
    IDs: 203 295 204 
    angles: 0.000000 110.075912 71.510666 
            110.075905 0.000000 139.579544 
            71.510666 139.579544 0.019782 
            
NodeID: 102
  Koord:   110 56 140
  minDist: 212
  edgeNum: 3
    IDs: 205 247 206 
    angles: 0.000000 116.774277 120.980392 
            116.774277 0.000000 121.891685 
            120.980385 121.891685 0.000000 
            
NodeID: 103
  Koord:   137 175 138
  minDist: 119
  edgeNum: 3
    IDs: 207 208 129 
    angles: 0.000000 103.043861 79.189751 
            103.043861 0.019782 120.310532 
            79.189751 120.310532 0.000000 
            
NodeID: 104
  Koord:   103 62 136
  minDist: 245
  edgeNum: 3
    IDs: 209 336 210 
    angles: 0.019782 116.483582 119.786133 
            116.483589 0.000000 117.321198 
            119.786140 117.321198 0.000000 
            
NodeID: 105
  Koord:   111 93 124
  minDist: 351
  edgeNum: 3
    IDs: 211 212 84 
    angles: 0.000000 77.847160 127.531960 
            77.847160 0.000000 154.410507 
            127.531960 154.410522 0.000000 
            
NodeID: 106
  Koord:   244 40 120
  minDist: 258
  edgeNum: 4
    IDs: 213 214 215 96 
    angles: 0.000000 63.467258 98.488861 124.080040 
            63.467255 0.000000 66.868317 163.663361 
            98.488861 66.868317 0.019782 121.773003 
            124.080040 163.663361 121.773003 0.000000 
            
NodeID: 107
  Koord:   294 31 119
  minDist: 140
  edgeNum: 3
    IDs: 216 217 309 
    angles: 0.000000 70.246529 123.187943 
            70.246529 0.000000 159.934464 
            123.187943 159.934448 0.000000 
            
NodeID: 108
  Koord:   46 157 115
  minDist: 161
  edgeNum: 3
    IDs: 218 109 219 
    angles: 0.019782 131.076645 99.302483 
            131.076645 0.000000 105.714478 
            99.302483 105.714478 0.000000 
            
NodeID: 109
  Koord:   91 44 113
  minDist: 133
  edgeNum: 3
    IDs: 220 221 79 
    angles: 0.000000 103.512077 157.217331 
            103.512077 0.000000 90.647751 
            157.217331 90.647751 0.000000 
            
NodeID: 110
  Koord:   130 101 112
  minDist: 415
  edgeNum: 4
    IDs: 222 223 224 115 
    angles: 0.000000 57.922119 92.657089 135.852448 
            57.922119 0.000000 104.985344 78.091782 
            92.657089 104.985336 0.000000 102.867569 
            135.852448 78.091782 102.867569 0.000000 
            
NodeID: 111
  Koord:   130 31 106
  minDist: 161
  edgeNum: 3
    IDs: 225 226 137 
    angles: 0.000000 83.870934 78.431381 
            83.870934 0.000000 151.818726 
            78.431381 151.818726 0.000000 
            
NodeID: 112
  Koord:   154 43 104
  minDist: 269
  edgeNum: 4
    IDs: 227 228 229 138 
    angles: 0.000000 75.560974 56.116577 147.360565 
            75.560974 0.000000 109.326599 126.276398 
            56.116577 109.326599 0.000000 121.745964 
            147.360565 126.276398 121.745964 0.000000 
            
NodeID: 113
  Koord:   111 129 82
  minDist: 258
  edgeNum: 3
    IDs: 230 231 172 
    angles: 0.000000 73.602943 141.241638 
            73.602943 0.000000 117.836555 
            141.241638 117.836555 0.000000 
            
NodeID: 114
  Koord:   139 111 161
  minDist: 140
  edgeNum: 3
    IDs: 232 233 291 
    angles: 0.000000 75.675583 105.845139 
            75.675575 0.000000 164.909927 
            105.845139 164.909927 0.019782 
            
NodeID: 115
  Koord:   270 77 151
  minDist: 235
  edgeNum: 3
    IDs: 25 234 235 
    angles: 0.000000 135.829193 142.980179 
            135.829193 0.000000 77.147850 
            142.980179 77.147850 0.000000 
            
NodeID: 116
  Koord:   116 44 151
  minDist: 188
  edgeNum: 3
    IDs: 236 237 34 
    angles: 0.000000 63.639378 114.516273 
            63.639378 0.019782 144.791138 
            114.516273 144.791138 0.000000 
            
NodeID: 117
  Koord:   293 70 149
  minDist: 222
  edgeNum: 3
    IDs: 238 239 19 
    angles: 0.000000 54.829624 114.939789 
            54.829624 0.000000 156.855850 
            114.939789 156.855850 0.000000 
            
NodeID: 118
  Koord:   99 59 147
  minDist: 212
  edgeNum: 3
    IDs: 240 246 241 
    angles: 0.000000 104.386047 79.552818 
            104.386047 0.000000 171.525894 
            79.552818 171.525894 0.000000 
            
NodeID: 119
  Koord:   198 106 146
  minDist: 197
  edgeNum: 3
    IDs: 242 243 53 
    angles: 0.000000 64.968346 134.022842 
            64.968346 0.000000 127.874588 
            134.022842 127.874596 0.000000 
            
NodeID: 120
  Koord:   84 144 140
  minDist: 197
  edgeNum: 3
    IDs: 244 245 32 
    angles: 0.019782 68.666801 151.887375 
            68.666801 0.000000 93.297577 
            151.887375 93.297577 0.000000 
            
NodeID: 121
  Koord:   105 60 139
  minDist: 224
  edgeNum: 3
    IDs: 246 247 210 
    angles: 0.000000 64.749664 115.345680 
            64.749664 0.019782 113.380585 
            115.345680 113.380585 0.019782 
            
NodeID: 122
  Koord:   172 38 136
  minDist: 188
  edgeNum: 3
    IDs: 248 249 257 
    angles: 0.000000 71.447952 65.211060 
            71.447945 0.000000 113.716759 
            65.211060 113.716759 0.000000 
            
NodeID: 123
  Koord:   48 118 134
  minDist: 140
  edgeNum: 3
    IDs: 250 251 46 
    angles: 0.019782 110.328148 136.744064 
            110.328148 0.000000 102.594734 
            136.744064 102.594734 0.000000 
            
NodeID: 124
  Koord:   126 119 133
  minDist: 119
  edgeNum: 3
    IDs: 252 253 267 
    angles: 0.000000 105.535248 103.491295 
            105.535248 0.000000 149.065918 
            103.491295 149.065918 0.019782 
            
NodeID: 125
  Koord:   44 120 132
  minDist: 99
  edgeNum: 3
    IDs: 254 255 251 
    angles: 0.000000 108.086746 101.683876 
            108.086746 0.000000 127.579895 
            101.683876 127.579895 0.000000 
            
NodeID: 126
  Koord:   172 41 132
  minDist: 188
  edgeNum: 3
    IDs: 256 257 71 
    angles: 0.019782 132.820786 124.202911 
            132.820786 0.000000 93.131897 
            124.202919 93.131897 0.000000 
            
NodeID: 127
  Koord:   189 78 129
  minDist: 404
  edgeNum: 3
    IDs: 258 259 66 
    angles: 0.019782 87.577477 91.285690 
            87.577477 0.000000 137.672943 
            91.285690 137.672943 0.000000 
            
NodeID: 128
  Koord:   205 49 122
  minDist: 301
  edgeNum: 3
    IDs: 260 261 88 
    angles: 0.000000 103.802605 54.758419 
            103.802605 0.000000 72.639244 
            54.758419 72.639244 0.000000 
            
NodeID: 129
  Koord:   254 42 121
  minDist: 210
  edgeNum: 3
    IDs: 262 263 214 
    angles: 0.000000 43.587730 139.932709 
            43.587734 0.019782 128.853424 
            139.932709 128.853424 0.000000 
            
NodeID: 130
  Koord:   92 178 116
  minDist: 171
  edgeNum: 3
    IDs: 264 92 265 
    angles: 0.000000 73.952835 61.357574 
            73.952835 0.019782 135.188492 
            61.357574 135.188492 0.000000 
            
NodeID: 131
  Koord:   118 102 116
  minDist: 375
  edgeNum: 3
    IDs: 104 266 267 
    angles: 0.000000 51.715656 156.915543 
            51.715656 0.000000 110.940918 
            156.915543 110.940918 0.019782 
            
NodeID: 132
  Koord:   170 53 112
  minDist: 267
  edgeNum: 3
    IDs: 268 269 86 
    angles: 0.000000 62.151234 104.677490 
            62.151234 0.000000 162.878403 
            104.677490 162.878372 0.000000 
            
NodeID: 133
  Koord:   109 147 108
  minDist: 336
  edgeNum: 3
    IDs: 270 271 152 
    angles: 0.019782 82.613571 51.493904 
            82.613571 0.000000 109.670090 
            51.493904 109.670090 0.019782 
            
NodeID: 134
  Koord:   128 98 108
  minDist: 328
  edgeNum: 3
    IDs: 272 273 223 
    angles: 0.019782 47.774841 145.213913 
            47.774841 0.000000 101.682632 
            145.213913 101.682632 0.000000 
            
NodeID: 135
  Koord:   257 25 103
  minDist: 140
  edgeNum: 3
    IDs: 274 275 213 
    angles: 0.000000 91.683380 163.026611 
            91.683380 0.000000 79.569054 
            163.026611 79.569054 0.000000 
            
NodeID: 136
  Koord:   219 93 102
  minDist: 119
  edgeNum: 3
    IDs: 276 277 321 
    angles: 0.000000 117.768654 103.436966 
            117.768654 0.000000 107.425819 
            103.436966 107.425819 0.000000 
            
NodeID: 137
  Koord:   116 48 100
  minDist: 99
  edgeNum: 3
    IDs: 278 279 125 
    angles: 0.000000 116.383461 129.498108 
            116.383461 0.000000 113.392212 
            129.498108 113.392212 0.000000 
            
NodeID: 138
  Koord:   53 152 98
  minDist: 171
  edgeNum: 3
    IDs: 280 281 144 
    angles: 0.000000 51.863476 135.747055 
            51.863480 0.000000 138.108032 
            135.747055 138.108032 0.000000 
            
NodeID: 139
  Koord:   106 130 77
  minDist: 224
  edgeNum: 3
    IDs: 282 231 283 
    angles: 0.000000 117.624863 38.369495 
            117.624863 0.019782 154.518784 
            38.369495 154.518799 0.000000 
            
NodeID: 140
  Koord:   76 94 74
  minDist: 250
  edgeNum: 3
    IDs: 284 285 179 
    angles: 0.000000 87.468147 64.313705 
            87.468147 0.000000 151.651703 
            64.313705 151.651703 0.000000 
            
NodeID: 141
  Koord:   170 26 74
  minDist: 161
  edgeNum: 3
    IDs: 286 287 165 
    angles: 0.000000 120.163582 133.883667 
            120.163582 0.000000 105.542290 
            133.883667 105.542290 0.000000 
            
NodeID: 142
  Koord:   95 66 69
  minDist: 197
  edgeNum: 3
    IDs: 288 289 323 
    angles: 0.000000 118.715454 122.123840 
            118.715454 0.000000 89.007980 
            122.123833 89.007980 0.000000 
            
NodeID: 143
  Koord:   138 109 158
  minDist: 161
  edgeNum: 3
    IDs: 290 212 291 
    angles: 0.000000 80.017166 77.054359 
            80.017166 0.000000 148.078918 
            77.054359 148.078918 0.000000 
            
NodeID: 144
  Koord:   237 80 146
  minDist: 296
  edgeNum: 3
    IDs: 292 293 28 
    angles: 0.019782 84.655464 121.099297 
            84.655464 0.019782 139.199982 
            121.099297 139.199982 0.019782 
            
NodeID: 145
  Koord:   228 80 141
  minDist: 353
  edgeNum: 3
    IDs: 45 294 295 
    angles: 0.000000 89.066124 142.442932 
            89.066124 0.000000 55.398010 
            142.442932 55.398010 0.019782 
            
NodeID: 146
  Koord:   227 36 139
  minDist: 171
  edgeNum: 3
    IDs: 296 297 73 
    angles: 0.000000 112.591888 70.002365 
            112.591888 0.000000 133.186234 
            70.002357 133.186234 0.000000 
            
NodeID: 147
  Koord:   200 110 133
  minDist: 171
  edgeNum: 3
    IDs: 298 299 52 
    angles: 0.000000 64.185555 119.101273 
            64.185555 0.000000 124.369865 
            119.101273 124.369865 0.000000 
            
NodeID: 148
  Koord:   196 71 129
  minDist: 438
  edgeNum: 3
    IDs: 300 301 259 
    angles: 0.019782 146.564331 132.405106 
            146.564346 0.000000 75.644402 
            132.405106 75.644402 0.019782 
            
NodeID: 149
  Koord:   196 65 126
  minDist: 516
  edgeNum: 3
    IDs: 69 302 303 
    angles: 0.000000 162.991837 52.959400 
            162.991837 0.000000 110.032616 
            52.959400 110.032616 0.000000 
            
NodeID: 150
  Koord:   111 90 125
  minDist: 281
  edgeNum: 3
    IDs: 304 211 305 
    angles: 0.000000 84.686958 89.118530 
            84.686958 0.000000 160.572540 
            89.118530 160.572525 0.000000 
            
NodeID: 151
  Koord:   103 162 118
  minDist: 267
  edgeNum: 3
    IDs: 306 311 307 
    angles: 0.000000 138.215088 109.045410 
            138.215088 0.019782 112.213974 
            109.045410 112.213974 0.000000 
            
NodeID: 152
  Koord:   263 44 118
  minDist: 188
  edgeNum: 3
    IDs: 308 309 263 
    angles: 0.000000 68.934563 83.782867 
            68.934563 0.019782 131.218323 
            83.782867 131.218323 0.000000 
            
NodeID: 153
  Koord:   102 160 117
  minDist: 258
  edgeNum: 3
    IDs: 310 132 311 
    angles: 0.000000 112.882042 85.732803 
            112.882042 0.019782 119.050850 
            85.732803 119.050850 0.000000 
            
NodeID: 154
  Koord:   77 97 114
  minDist: 235
  edgeNum: 3
    IDs: 74 312 313 
    angles: 0.000000 136.881989 107.302925 
            136.881989 0.019782 65.175934 
            107.302925 65.175934 0.000000 
            
NodeID: 155
  Koord:   176 106 112
  minDist: 542
  edgeNum: 3
    IDs: 314 156 315 
    angles: 0.019782 125.042389 41.519550 
            125.042389 0.000000 147.385254 
            41.519543 147.385254 0.000000 
            
NodeID: 156
  Koord:   140 121 107
  minDist: 370
  edgeNum: 3
    IDs: 316 317 128 
    angles: 0.019782 87.726166 65.388863 
            87.726166 0.000000 122.088280 
            65.388863 122.088280 0.000000 
            
NodeID: 157
  Koord:   149 43 107
  minDist: 197
  edgeNum: 3
    IDs: 228 318 319 
    angles: 0.000000 132.897247 156.561050 
            132.897247 0.019782 64.718658 
            156.561050 64.718658 0.000000 
            
NodeID: 158
  Koord:   213 95 99
  minDist: 210
  edgeNum: 3
    IDs: 320 321 155 
    angles: 0.000000 104.576477 84.597214 
            104.576485 0.000000 125.378983 
            84.597214 125.378990 0.000000 
            
NodeID: 159
  Koord:   99 88 77
  minDist: 301
  edgeNum: 3
    IDs: 322 323 174 
    angles: 0.000000 59.333836 154.060913 
            59.333836 0.000000 134.825287 
            154.060928 134.825287 0.000000 
            
NodeID: 160
  Koord:   68 85 73
  minDist: 161
  edgeNum: 3
    IDs: 324 325 178 
    angles: 0.000000 85.915718 120.414589 
            85.915718 0.019782 150.785797 
            120.414589 150.785797 0.000000 
            
NodeID: 161
  Koord:   84 91 71
  minDist: 222
  edgeNum: 3
    IDs: 326 187 327 
    angles: 0.019782 146.281052 82.233276 
            146.281052 0.019782 120.629051 
            82.233276 120.629051 0.019782 
            
NodeID: 162
  Koord:   73 138 57
  minDist: 197
  edgeNum: 3
    IDs: 328 329 282 
    angles: 0.000000 67.069412 169.457260 
            67.069420 0.019782 121.506195 
            169.457260 121.506195 0.000000 
            
NodeID: 163
  Koord:   88 86 44
  minDist: 203
  edgeNum: 3
    IDs: 330 196 331 
    angles: 0.000000 115.091919 92.416107 
            115.091919 0.019782 145.998825 
            92.416107 145.998825 0.000000 
            
NodeID: 164
  Koord:   66 164 88
  minDist: 178
  edgeNum: 4
    IDs: 332 333 334 148 
    angles: 0.000000 66.543915 69.467781 151.029816 
            66.543915 0.000000 54.986561 87.779198 
            69.467781 54.986561 0.000000 107.428818 
            151.029816 87.779198 107.428818 0.000000 
            
NodeID: 165
  Koord:   103 70 133
  minDist: 245
  edgeNum: 4
    IDs: 335 336 57 337 
    angles: 0.019782 75.330986 115.931244 92.523094 
            75.330986 0.000000 132.715073 115.571671 
            115.931244 132.715073 0.000000 109.802834 
            92.523094 115.571671 109.802834 0.000000 
            
NodeID: 166
  Koord:   143 81 179
  minDist: 89
  edgeNum: 1
    IDs: 1 
    angles: 0.019782 
            
NodeID: 167
  Koord:   121 90 173
  minDist: 89
  edgeNum: 1
    IDs: 17 
    angles: 0.000000 
            
NodeID: 168
  Koord:   148 114 169
  minDist: 89
  edgeNum: 1
    IDs: 233 
    angles: 0.000000 
            
NodeID: 169
  Koord:   131 112 168
  minDist: 63
  edgeNum: 1
    IDs: 232 
    angles: 0.000000 
            
NodeID: 170
  Koord:   133 61 168
  minDist: 63
  edgeNum: 1
    IDs: 2 
    angles: 0.000000 
            
NodeID: 171
  Koord:   140 72 165
  minDist: 63
  edgeNum: 1
    IDs: 0 
    angles: 0.000000 
            
NodeID: 172
  Koord:   119 147 164
  minDist: 125
  edgeNum: 1
    IDs: 5 
    angles: 0.000000 
            
NodeID: 173
  Koord:   125 46 163
  minDist: 119
  edgeNum: 1
    IDs: 237 
    angles: 0.000000 
            
NodeID: 174
  Koord:   287 97 162
  minDist: 125
  edgeNum: 1
    IDs: 9 
    angles: 0.000000 
            
NodeID: 175
  Koord:   113 152 161
  minDist: 63
  edgeNum: 1
    IDs: 4 
    angles: 0.000000 
            
NodeID: 176
  Koord:   108 58 161
  minDist: 125
  edgeNum: 1
    IDs: 240 
    angles: 0.000000 
            
NodeID: 177
  Koord:   137 105 160
  minDist: 63
  edgeNum: 1
    IDs: 290 
    angles: 0.000000 
            
NodeID: 178
  Koord:   148 86 159
  minDist: 63
  edgeNum: 1
    IDs: 40 
    angles: 0.019782 
            
NodeID: 179
  Koord:   91 56 159
  minDist: 119
  edgeNum: 1
    IDs: 15 
    angles: 0.000000 
            
NodeID: 180
  Koord:   87 123 157
  minDist: 140
  edgeNum: 1
    IDs: 27 
    angles: 0.000000 
            
NodeID: 181
  Koord:   185 92 157
  minDist: 99
  edgeNum: 1
    IDs: 258 
    angles: 0.000000 
            
NodeID: 182
  Koord:   96 81 157
  minDist: 63
  edgeNum: 1
    IDs: 16 
    angles: 0.000000 
            
NodeID: 183
  Koord:   84 165 156
  minDist: 63
  edgeNum: 1
    IDs: 12 
    angles: 0.000000 
            
