numDim: 3
dim: 45 37 33
origin: 74.3589 -133.867 120.283
fov: 214.367 176.258 160.976
interval: 4.76371 4.76373 4.87805
dataType: WORD
